ZBIOR 1 
-38.264140241386 -96.63310049077658
10.704144477478621 -96.24448072029213
88.06981073767639 -92.18482548100775
99.04400390713207 6.222407952390412
97.56424653729565 32.00287918371899
93.52269453451564 97.448855409707
-85.15238479096867 98.29586669828939
-98.77369098623913 96.7735894296469
-96.84377090115342 -13.233277802574236
-92.5663156046693 -30.775215896790314
-82.78287108921597 -55.38687677769152
-74.07383096811165 -76.40720078556618
ZBIOR 2 
0.2269302576852454 -9.997424801324934
0.683787479373439 -9.976594342913423
0.9465325307004815 -9.955103021482286
1.185670848213904 -9.929460440512148
1.763707056391168 -9.8432381571938
1.881486352365778 -9.821405658349589
3.053855318546561 -9.522287944259242
4.19186806617429 -9.07900006144885
4.242937760525381 -9.05524594698056
4.296216629509072 -9.03008984851921
4.499839810639258 -8.930366267885436
6.334840380274138 -7.737557583401122
6.339235356297699 -7.733957272798007
6.434436752237069 -7.654934596811449
6.96559414527891 -7.174991163984536
7.3814517952631675 -6.746419005235752
8.192759841912931 -5.733993911118043
8.469123797414115 -5.317324713055799
8.867307745583545 -4.622862029642899
9.069972080939046 -4.211366340154492
9.204947690950648 -3.90754884894128
9.23538339184722 -3.8350610954184967
9.380100392438871 -3.4660808743836506
9.602707621393222 -2.790699972773231
9.711225729504163 -2.3858111473074195
9.872250773232917 -1.593318759822425
9.87509364896292 -1.5756031937680859
9.997484672461173 -0.2242771140886635
9.999983529196532 0.018149815373084594
9.997053988517008 0.2427170176896948
9.991808618146996 0.40467337239238726
9.888040339537392 1.4921991300363602
9.821532911684471 1.8808219651787264
9.710855306736745 2.3873184143768493
9.671878331737254 2.540623847812067
9.655750677206873 2.6012456361556886
8.367825140193046 5.4753540911207965
8.321258735501383 5.545868106693662
8.240429342119413 5.665273537750622
8.116284893895426 5.841739425986487
8.07204445277319 5.9027195725744575
7.76171737256767 6.305215573505891
7.718840466108992 6.357633353596156
7.558412329443453 6.547549393331615
5.661958814461693 8.242707224167285
5.207858868274195 8.536873315689874
4.169385210740247 9.089346894274666
3.8815019520994904 9.215961295266373
3.596555146838551 9.330851572913865
3.2364764000133084 9.461776815807742
2.601343361857398 9.655724349510008
1.921617268906993 9.813632715352579
1.0014728535450135 9.949726233601226
0.1346732019579543 9.999093115311728
-0.783729849993835 9.969241070524307
-1.6419505559835619 9.864278907842442
-4.957289956021065 8.684772667832627
-4.966453068866743 8.679535927383682
-5.149888609697129 8.571968694979688
-5.347209231436269 8.45028718063728
-5.457085829645077 8.379750249732203
-5.984266846370901 8.011775727728907
-6.643095509466673 7.4745757105071675
-6.831480150310458 7.302799391734255
-6.954045897915596 7.1861843595668535
-8.163698875555381 5.7752939898550455
-8.278150653586996 5.610010851729004
-8.47432214252128 5.309036091869555
-8.927173205925905 4.506171163127139
-9.040807512811003 4.273616678680962
-9.465732307811361 3.224889436377036
-9.48486038715606 3.1681892992934952
-9.967427332034879 0.8064690822369283
-9.999996402888755 -0.008481875496938577
-9.889796660829361 -1.4805141024145612
-9.814294423488391 -1.9182348576450847
-9.779658948373818 -2.087647205226952
-9.67544087957204 -2.5270227117907402
-9.665393858198408 -2.565182559955625
-9.652654524881065 -2.6127113547602376
-9.477413701747038 -3.1903964527841255
-9.030619026029825 -4.295104190436843
-8.085870542577762 -5.883765594300407
-7.751941417049581 -6.317230743500773
-7.417064217807628 -6.707246707026493
-7.30772659739295 -6.826209195282229
-7.1293952372188745 -7.012255240043737
-6.822283018954707 -7.311392097903262
-6.786907118894382 -7.344242082032752
-5.958794678598882 -8.030738818956923
-5.564602907491497 -8.308742051714999
-5.294520249402788 -8.483398807592618
-5.004198093423677 -8.65782891040097
-4.0289885490477975 -9.152445097985659
-3.5633628099943007 -9.3435777668059
-3.365784791738407 -9.416554185884689
-3.2549821648310404 -9.455426542818246
-2.9605717743088156 -9.551702192235997
-2.608434114800522 -9.653811240579795
-1.1061695737133945 -9.938631136841266
ZBIOR 3 
-9.84229152378351 -10
7.692458828556489 -10
10 -9.40808164208674
10 9.739456848754578
9.302376065911318 10
-8.561435739725624 10
-10 9.451623165874857
-10 -9.586877128016196
ZBIOR 4 
0 0
10 0
10 10
0 10
